0.000000 0.000000
0.001000 0.000879
0.002000 0.001757
0.003000 0.002635
0.004000 0.003512
0.005000 0.004388
0.006000 0.005263
0.007000 0.006137
0.008000 0.007011
0.009000 0.007884
0.010000 0.008756
0.011000 0.009627
0.012000 0.010498
0.013000 0.011368
0.014000 0.012237
0.015000 0.013105
0.016000 0.013972
0.017000 0.014839
0.018000 0.015705
0.019000 0.016570
0.020000 0.017434
0.021000 0.018298
0.022000 0.019160
0.023000 0.020022
0.024000 0.020883
0.025000 0.021744
0.026000 0.022604
0.027000 0.023462
0.028000 0.024320
0.029000 0.025178
0.030000 0.026034
0.031000 0.026890
0.032000 0.027745
0.033000 0.028599
0.034000 0.029453
0.035000 0.030306
0.036000 0.031158
0.037000 0.032009
0.038000 0.032859
0.039000 0.033709
0.040000 0.034558
0.041000 0.035406
0.042000 0.036253
0.043000 0.037100
0.044000 0.037945
0.045000 0.038790
0.046000 0.039635
0.047000 0.040478
0.048000 0.041321
0.049000 0.042163
0.050000 0.043004
0.051000 0.043844
0.052000 0.044684
0.053000 0.045523
0.054000 0.046361
0.055000 0.047199
0.056000 0.048035
0.057000 0.048871
0.058000 0.049706
0.059000 0.050540
0.060000 0.051374
0.061000 0.052207
0.062000 0.053039
0.063000 0.053870
0.064000 0.054701
0.065000 0.055531
0.066000 0.056360
0.067000 0.057188
0.068000 0.058015
0.069000 0.058842
0.070000 0.059668
0.071000 0.060493
0.072000 0.061318
0.073000 0.062142
0.074000 0.062965
0.075000 0.063787
0.076000 0.064608
0.077000 0.065429
0.078000 0.066249
0.079000 0.067068
0.080000 0.067886
0.081000 0.068704
0.082000 0.069521
0.083000 0.070337
0.084000 0.071153
0.085000 0.071967
0.086000 0.072781
0.087000 0.073595
0.088000 0.074407
0.089000 0.075219
0.090000 0.076030
0.091000 0.076840
0.092000 0.077649
0.093000 0.078458
0.094000 0.079266
0.095000 0.080073
0.096000 0.080880
0.097000 0.081685
0.098000 0.082490
0.099000 0.083294
0.100000 0.084098
0.101000 0.084901
0.102000 0.085703
0.103000 0.086504
0.104000 0.087304
0.105000 0.088104
0.106000 0.088903
0.107000 0.089701
0.108000 0.090499
0.109000 0.091296
0.110000 0.092092
0.111000 0.092887
0.112000 0.093682
0.113000 0.094475
0.114000 0.095268
0.115000 0.096061
0.116000 0.096852
0.117000 0.097643
0.118000 0.098433
0.119000 0.099223
0.120000 0.100011
0.121000 0.100799
0.122000 0.101586
0.123000 0.102373
0.124000 0.103159
0.125000 0.103944
0.126000 0.104728
0.127000 0.105511
0.128000 0.106294
0.129000 0.107076
0.130000 0.107857
0.131000 0.108638
0.132000 0.109418
0.133000 0.110197
0.134000 0.110975
0.135000 0.111753
0.136000 0.112530
0.137000 0.113306
0.138000 0.114081
0.139000 0.114856
0.140000 0.115630
0.141000 0.116403
0.142000 0.117176
0.143000 0.117947
0.144000 0.118718
0.145000 0.119489
0.146000 0.120258
0.147000 0.121027
0.148000 0.121795
0.149000 0.122563
0.150000 0.123329
0.151000 0.124095
0.152000 0.124860
0.153000 0.125625
0.154000 0.126389
0.155000 0.127152
0.156000 0.127914
0.157000 0.128676
0.158000 0.129437
0.159000 0.130197
0.160000 0.130956
0.161000 0.131715
0.162000 0.132473
0.163000 0.133230
0.164000 0.133987
0.165000 0.134742
0.166000 0.135497
0.167000 0.136252
0.168000 0.137006
0.169000 0.137758
0.170000 0.138511
0.171000 0.139262
0.172000 0.140013
0.173000 0.140763
0.174000 0.141512
0.175000 0.142261
0.176000 0.143009
0.177000 0.143756
0.178000 0.144502
0.179000 0.145248
0.180000 0.145993
0.181000 0.146737
0.182000 0.147481
0.183000 0.148224
0.184000 0.148966
0.185000 0.149708
0.186000 0.150448
0.187000 0.151188
0.188000 0.151928
0.189000 0.152666
0.190000 0.153404
0.191000 0.154141
0.192000 0.154878
0.193000 0.155613
0.194000 0.156348
0.195000 0.157083
0.196000 0.157816
0.197000 0.158549
0.198000 0.159281
0.199000 0.160013
0.200000 0.160744
0.201000 0.161474
0.202000 0.162203
0.203000 0.162932
0.204000 0.163660
0.205000 0.164387
0.206000 0.165113
0.207000 0.165839
0.208000 0.166564
0.209000 0.167289
0.210000 0.168012
0.211000 0.168735
0.212000 0.169458
0.213000 0.170179
0.214000 0.170900
0.215000 0.171620
0.216000 0.172340
0.217000 0.173058
0.218000 0.173776
0.219000 0.174494
0.220000 0.175210
0.221000 0.175926
0.222000 0.176642
0.223000 0.177356
0.224000 0.178070
0.225000 0.178783
0.226000 0.179496
0.227000 0.180207
0.228000 0.180918
0.229000 0.181629
0.230000 0.182338
0.231000 0.183047
0.232000 0.183755
0.233000 0.184463
0.234000 0.185170
0.235000 0.185876
0.236000 0.186581
0.237000 0.187286
0.238000 0.187990
0.239000 0.188693
0.240000 0.189396
0.241000 0.190098
0.242000 0.190799
0.243000 0.191500
0.244000 0.192200
0.245000 0.192899
0.246000 0.193597
0.247000 0.194295
0.248000 0.194992
0.249000 0.195689
0.250000 0.196384
0.251000 0.197079
0.252000 0.197774
0.253000 0.198467
0.254000 0.199160
0.255000 0.199853
0.256000 0.200544
0.257000 0.201235
0.258000 0.201925
0.259000 0.202615
0.260000 0.203303
0.261000 0.203991
0.262000 0.204679
0.263000 0.205366
0.264000 0.206052
0.265000 0.206737
0.266000 0.207422
0.267000 0.208106
0.268000 0.208789
0.269000 0.209472
0.270000 0.210153
0.271000 0.210835
0.272000 0.211515
0.273000 0.212195
0.274000 0.212874
0.275000 0.213553
0.276000 0.214230
0.277000 0.214908
0.278000 0.215584
0.279000 0.216260
0.280000 0.216935
0.281000 0.217609
0.282000 0.218283
0.283000 0.218956
0.284000 0.219628
0.285000 0.220300
0.286000 0.220971
0.287000 0.221641
0.288000 0.222311
0.289000 0.222980
0.290000 0.223648
0.291000 0.224315
0.292000 0.224982
0.293000 0.225648
0.294000 0.226314
0.295000 0.226979
0.296000 0.227643
0.297000 0.228306
0.298000 0.228969
0.299000 0.229631
0.300000 0.230293
0.301000 0.230954
0.302000 0.231614
0.303000 0.232273
0.304000 0.232932
0.305000 0.233590
0.306000 0.234247
0.307000 0.234904
0.308000 0.235560
0.309000 0.236215
0.310000 0.236870
0.311000 0.237524
0.312000 0.238177
0.313000 0.238830
0.314000 0.239482
0.315000 0.240133
0.316000 0.240784
0.317000 0.241434
0.318000 0.242083
0.319000 0.242732
0.320000 0.243380
0.321000 0.244027
0.322000 0.244674
0.323000 0.245320
0.324000 0.245965
0.325000 0.246610
0.326000 0.247254
0.327000 0.247897
0.328000 0.248540
0.329000 0.249182
0.330000 0.249823
0.331000 0.250463
0.332000 0.251103
0.333000 0.251743
0.334000 0.252381
0.335000 0.253019
0.336000 0.253656
0.337000 0.254293
0.338000 0.254929
0.339000 0.255564
0.340000 0.256199
0.341000 0.256833
0.342000 0.257466
0.343000 0.258099
0.344000 0.258731
0.345000 0.259362
0.346000 0.259992
0.347000 0.260622
0.348000 0.261252
0.349000 0.261880
0.350000 0.262508
0.351000 0.263136
0.352000 0.263762
0.353000 0.264388
0.354000 0.265013
0.355000 0.265638
0.356000 0.266262
0.357000 0.266885
0.358000 0.267508
0.359000 0.268130
0.360000 0.268751
0.361000 0.269372
0.362000 0.269992
0.363000 0.270612
0.364000 0.271230
0.365000 0.271848
0.366000 0.272466
0.367000 0.273083
0.368000 0.273699
0.369000 0.274314
0.370000 0.274929
0.371000 0.275543
0.372000 0.276156
0.373000 0.276769
0.374000 0.277381
0.375000 0.277993
0.376000 0.278604
0.377000 0.279214
0.378000 0.279823
0.379000 0.280432
0.380000 0.281040
0.381000 0.281648
0.382000 0.282255
0.383000 0.282861
0.384000 0.283467
0.385000 0.284072
0.386000 0.284676
0.387000 0.285280
0.388000 0.285883
0.389000 0.286485
0.390000 0.287087
0.391000 0.287688
0.392000 0.288288
0.393000 0.288888
0.394000 0.289487
0.395000 0.290086
0.396000 0.290683
0.397000 0.291280
0.398000 0.291877
0.399000 0.292473
0.400000 0.293068
0.401000 0.293663
0.402000 0.294256
0.403000 0.294850
0.404000 0.295442
0.405000 0.296034
0.406000 0.296626
0.407000 0.297216
0.408000 0.297806
0.409000 0.298396
0.410000 0.298984
0.411000 0.299573
0.412000 0.300160
0.413000 0.300747
0.414000 0.301333
0.415000 0.301918
0.416000 0.302503
0.417000 0.303088
0.418000 0.303671
0.419000 0.304254
0.420000 0.304836
0.421000 0.305418
0.422000 0.305999
0.423000 0.306579
0.424000 0.307159
0.425000 0.307738
0.426000 0.308317
0.427000 0.308894
0.428000 0.309472
0.429000 0.310048
0.430000 0.310624
0.431000 0.311199
0.432000 0.311774
0.433000 0.312348
0.434000 0.312921
0.435000 0.313494
0.436000 0.314066
0.437000 0.314637
0.438000 0.315208
0.439000 0.315778
0.440000 0.316348
0.441000 0.316917
0.442000 0.317485
0.443000 0.318052
0.444000 0.318619
0.445000 0.319186
0.446000 0.319751
0.447000 0.320316
0.448000 0.320881
0.449000 0.321444
0.450000 0.322008
0.451000 0.322570
0.452000 0.323132
0.453000 0.323693
0.454000 0.324254
0.455000 0.324814
0.456000 0.325373
0.457000 0.325932
0.458000 0.326490
0.459000 0.327047
0.460000 0.327604
0.461000 0.328160
0.462000 0.328716
0.463000 0.329271
0.464000 0.329825
0.465000 0.330379
0.466000 0.330932
0.467000 0.331484
0.468000 0.332036
0.469000 0.332587
0.470000 0.333137
0.471000 0.333687
0.472000 0.334236
0.473000 0.334785
0.474000 0.335333
0.475000 0.335880
0.476000 0.336427
0.477000 0.336973
0.478000 0.337519
0.479000 0.338063
0.480000 0.338608
0.481000 0.339151
0.482000 0.339694
0.483000 0.340237
0.484000 0.340778
0.485000 0.341319
0.486000 0.341860
0.487000 0.342400
0.488000 0.342939
0.489000 0.343477
0.490000 0.344015
0.491000 0.344553
0.492000 0.345089
0.493000 0.345625
0.494000 0.346161
0.495000 0.346696
0.496000 0.347230
0.497000 0.347763
0.498000 0.348296
0.499000 0.348829
0.500000 0.349360
0.501000 0.349892
0.502000 0.350422
0.503000 0.350952
0.504000 0.351481
0.505000 0.352010
0.506000 0.352538
0.507000 0.353065
0.508000 0.353592
0.509000 0.354118
0.510000 0.354643
0.511000 0.355168
0.512000 0.355693
0.513000 0.356216
0.514000 0.356739
0.515000 0.357262
0.516000 0.357784
0.517000 0.358305
0.518000 0.358825
0.519000 0.359345
0.520000 0.359865
0.521000 0.360383
0.522000 0.360901
0.523000 0.361419
0.524000 0.361936
0.525000 0.363190
0.526000 0.364444
0.527000 0.365699
0.528000 0.366954
0.529000 0.368209
0.530000 0.369464
0.531000 0.370719
0.532000 0.371974
0.533000 0.373230
0.534000 0.374485
0.535000 0.375741
0.536000 0.376997
0.537000 0.378253
0.538000 0.379509
0.539000 0.380766
0.540000 0.382022
0.541000 0.383279
0.542000 0.384535
0.543000 0.385792
0.544000 0.387050
0.545000 0.388307
0.546000 0.389564
0.547000 0.390822
0.548000 0.392080
0.549000 0.393338
0.550000 0.394596
0.551000 0.395854
0.552000 0.397112
0.553000 0.398371
0.554000 0.399630
0.555000 0.400889
0.556000 0.402148
0.557000 0.403407
0.558000 0.404667
0.559000 0.405927
0.560000 0.407186
0.561000 0.408446
0.562000 0.409707
0.563000 0.410967
0.564000 0.412228
0.565000 0.413488
0.566000 0.414749
0.567000 0.416011
0.568000 0.417272
0.569000 0.418534
0.570000 0.419795
0.571000 0.421057
0.572000 0.422319
0.573000 0.423582
0.574000 0.424844
0.575000 0.426107
0.576000 0.427370
0.577000 0.428633
0.578000 0.429897
0.579000 0.431160
0.580000 0.432424
0.581000 0.433688
0.582000 0.434952
0.583000 0.436217
0.584000 0.437481
0.585000 0.438746
0.586000 0.440011
0.587000 0.441277
0.588000 0.442542
0.589000 0.443808
0.590000 0.445074
0.591000 0.446340
0.592000 0.447607
0.593000 0.448873
0.594000 0.450140
0.595000 0.451407
0.596000 0.452675
0.597000 0.453942
0.598000 0.455210
0.599000 0.456478
0.600000 0.457746
0.601000 0.459015
0.602000 0.460284
0.603000 0.461553
0.604000 0.462822
0.605000 0.464091
0.606000 0.465361
0.607000 0.466631
0.608000 0.467901
0.609000 0.469172
0.610000 0.470443
0.611000 0.471714
0.612000 0.472985
0.613000 0.474257
0.614000 0.475528
0.615000 0.476800
0.616000 0.478073
0.617000 0.479345
0.618000 0.480618
0.619000 0.481891
0.620000 0.483165
0.621000 0.484438
0.622000 0.485712
0.623000 0.486986
0.624000 0.488261
0.625000 0.489536
0.626000 0.490811
0.627000 0.492086
0.628000 0.493361
0.629000 0.494637
0.630000 0.495913
0.631000 0.497190
0.632000 0.498467
0.633000 0.499744
0.634000 0.501021
0.635000 0.502298
0.636000 0.503576
0.637000 0.504854
0.638000 0.506133
0.639000 0.507411
0.640000 0.508691
0.641000 0.509970
0.642000 0.511249
0.643000 0.512529
0.644000 0.513810
0.645000 0.515090
0.646000 0.516371
0.647000 0.517652
0.648000 0.518934
0.649000 0.520215
0.650000 0.521497
0.651000 0.522780
0.652000 0.524062
0.653000 0.525345
0.654000 0.526629
0.655000 0.527912
0.656000 0.529196
0.657000 0.530481
0.658000 0.531765
0.659000 0.533050
0.660000 0.534335
0.661000 0.535621
0.662000 0.536907
0.663000 0.538193
0.664000 0.539480
0.665000 0.540767
0.666000 0.542054
0.667000 0.543341
0.668000 0.544629
0.669000 0.545918
0.670000 0.547206
0.671000 0.548495
0.672000 0.549784
0.673000 0.551074
0.674000 0.552364
0.675000 0.553654
0.676000 0.554945
0.677000 0.556236
0.678000 0.557527
0.679000 0.558819
0.680000 0.560111
0.681000 0.561403
0.682000 0.562696
0.683000 0.563989
0.684000 0.565283
0.685000 0.566577
0.686000 0.567871
0.687000 0.569165
0.688000 0.570460
0.689000 0.571756
0.690000 0.573051
0.691000 0.574347
0.692000 0.575644
0.693000 0.576940
0.694000 0.578238
0.695000 0.579535
0.696000 0.580833
0.697000 0.582131
0.698000 0.583430
0.699000 0.584729
0.700000 0.586029
0.701000 0.587328
0.702000 0.588629
0.703000 0.589929
0.704000 0.591230
0.705000 0.592532
0.706000 0.593833
0.707000 0.595136
0.708000 0.596438
0.709000 0.597741
0.710000 0.599044
0.711000 0.600348
0.712000 0.601652
0.713000 0.602957
0.714000 0.604262
0.715000 0.605567
0.716000 0.606873
0.717000 0.608179
0.718000 0.609486
0.719000 0.610793
0.720000 0.612100
0.721000 0.613408
0.722000 0.614716
0.723000 0.616025
0.724000 0.617334
0.725000 0.618643
0.726000 0.619953
0.727000 0.621264
0.728000 0.622574
0.729000 0.623886
0.730000 0.625197
0.731000 0.626509
0.732000 0.627822
0.733000 0.629135
0.734000 0.630448
0.735000 0.631762
0.736000 0.633076
0.737000 0.634391
0.738000 0.635706
0.739000 0.637021
0.740000 0.638337
0.741000 0.639654
0.742000 0.640971
0.743000 0.642288
0.744000 0.643606
0.745000 0.644924
0.746000 0.646243
0.747000 0.647562
0.748000 0.648881
0.749000 0.650201
0.750000 0.651522
0.751000 0.652843
0.752000 0.654164
0.753000 0.655486
0.754000 0.656808
0.755000 0.658131
0.756000 0.659454
0.757000 0.660778
0.758000 0.662102
0.759000 0.663427
0.760000 0.664752
0.761000 0.666078
0.762000 0.667404
0.763000 0.668730
0.764000 0.670057
0.765000 0.671385
0.766000 0.672713
0.767000 0.674041
0.768000 0.675370
0.769000 0.676700
0.770000 0.678030
0.771000 0.679360
0.772000 0.680691
0.773000 0.682022
0.774000 0.683354
0.775000 0.684687
0.776000 0.686020
0.777000 0.687353
0.778000 0.688687
0.779000 0.690021
0.780000 0.691356
0.781000 0.692691
0.782000 0.694027
0.783000 0.695364
0.784000 0.696701
0.785000 0.698038
0.786000 0.699376
0.787000 0.700714
0.788000 0.702053
0.789000 0.703393
0.790000 0.704733
0.791000 0.706073
0.792000 0.707414
0.793000 0.708756
0.794000 0.710098
0.795000 0.711441
0.796000 0.712784
0.797000 0.714127
0.798000 0.715471
0.799000 0.716816
0.800000 0.718161
0.801000 0.719507
0.802000 0.720854
0.803000 0.722200
0.804000 0.723548
0.805000 0.724896
0.806000 0.726244
0.807000 0.727593
0.808000 0.728943
0.809000 0.730293
0.810000 0.731643
0.811000 0.732995
0.812000 0.734346
0.813000 0.735699
0.814000 0.737051
0.815000 0.738405
0.816000 0.739759
0.817000 0.741113
0.818000 0.742468
0.819000 0.743824
0.820000 0.745180
0.821000 0.746537
0.822000 0.747894
0.823000 0.749252
0.824000 0.750611
0.825000 0.751970
0.826000 0.753329
0.827000 0.754690
0.828000 0.756050
0.829000 0.757412
0.830000 0.758774
0.831000 0.760136
0.832000 0.761499
0.833000 0.762863
0.834000 0.764227
0.835000 0.765592
0.836000 0.766957
0.837000 0.768323
0.838000 0.769690
0.839000 0.771057
0.840000 0.772425
0.841000 0.773793
0.842000 0.775162
0.843000 0.776532
0.844000 0.777902
0.845000 0.779272
0.846000 0.780644
0.847000 0.782016
0.848000 0.783388
0.849000 0.784762
0.850000 0.786135
0.851000 0.787510
0.852000 0.788885
0.853000 0.790260
0.854000 0.791637
0.855000 0.793013
0.856000 0.794391
0.857000 0.795769
0.858000 0.797148
0.859000 0.798527
0.860000 0.799907
0.861000 0.801288
0.862000 0.802669
0.863000 0.804051
0.864000 0.805433
0.865000 0.806816
0.866000 0.808200
0.867000 0.809584
0.868000 0.810969
0.869000 0.812355
0.870000 0.813741
0.871000 0.815128
0.872000 0.816516
0.873000 0.817904
0.874000 0.819293
0.875000 0.820682
0.876000 0.822073
0.877000 0.823463
0.878000 0.824855
0.879000 0.826247
0.880000 0.827640
0.881000 0.829033
0.882000 0.830427
0.883000 0.831822
0.884000 0.833217
0.885000 0.834613
0.886000 0.836010
0.887000 0.837408
0.888000 0.838806
0.889000 0.840204
0.890000 0.841604
0.891000 0.843004
0.892000 0.844405
0.893000 0.845806
0.894000 0.847208
0.895000 0.848611
0.896000 0.850014
0.897000 0.851419
0.898000 0.852823
0.899000 0.854229
0.900000 0.855635
0.901000 0.857042
0.902000 0.858450
0.903000 0.859858
0.904000 0.861267
0.905000 0.862676
0.906000 0.864087
0.907000 0.865498
0.908000 0.866910
0.909000 0.868322
0.910000 0.869735
0.911000 0.871149
0.912000 0.872564
0.913000 0.873979
0.914000 0.875395
0.915000 0.876812
0.916000 0.878229
0.917000 0.879647
0.918000 0.881066
0.919000 0.882486
0.920000 0.883906
0.921000 0.885327
0.922000 0.886749
0.923000 0.888171
0.924000 0.889594
0.925000 0.891018
0.926000 0.892443
0.927000 0.893868
0.928000 0.895294
0.929000 0.896721
0.930000 0.898149
0.931000 0.899577
0.932000 0.901006
0.933000 0.902436
0.934000 0.903866
0.935000 0.905297
0.936000 0.906729
0.937000 0.908162
0.938000 0.909596
0.939000 0.911030
0.940000 0.912465
0.941000 0.913901
0.942000 0.915337
0.943000 0.916774
0.944000 0.918212
0.945000 0.919651
0.946000 0.921091
0.947000 0.922531
0.948000 0.923972
0.949000 0.925414
0.950000 0.926856
0.951000 0.928300
0.952000 0.929744
0.953000 0.931189
0.954000 0.932634
0.955000 0.934081
0.956000 0.935528
0.957000 0.936976
0.958000 0.938425
0.959000 0.939874
0.960000 0.941325
0.961000 0.942776
0.962000 0.944228
0.963000 0.945681
0.964000 0.947134
0.965000 0.948588
0.966000 0.950043
0.967000 0.951499
0.968000 0.952956
0.969000 0.954413
0.970000 0.955872
0.971000 0.957331
0.972000 0.958791
0.973000 0.960251
0.974000 0.961713
0.975000 0.963175
0.976000 0.964638
0.977000 0.966102
0.978000 0.967567
0.979000 0.969032
0.980000 0.970499
0.981000 0.971966
0.982000 0.973434
0.983000 0.974903
0.984000 0.976372
0.985000 0.977843
0.986000 0.979314
0.987000 0.980786
0.988000 0.982259
0.989000 0.983733
0.990000 0.985208
0.991000 0.986683
0.992000 0.988159
0.993000 0.989637
0.994000 0.991115
0.995000 0.992593
0.996000 0.994073
0.997000 0.995553
0.998000 0.997035
0.999000 0.998517
1.000000 1.000000
