0.000000 0.000000
0.010000 0.008741
0.020000 0.017403
0.030000 0.025988
0.040000 0.034496
0.050000 0.042927
0.060000 0.051282
0.070000 0.059560
0.080000 0.067763
0.090000 0.075891
0.100000 0.083944
0.110000 0.091922
0.120000 0.099826
0.130000 0.107657
0.140000 0.115414
0.150000 0.123098
0.160000 0.130709
0.170000 0.138248
0.180000 0.145715
0.190000 0.153111
0.200000 0.160435
0.210000 0.167688
0.220000 0.174871
0.230000 0.181983
0.240000 0.189025
0.250000 0.195998
0.260000 0.202901
0.270000 0.209735
0.280000 0.216501
0.290000 0.223199
0.300000 0.229828
0.310000 0.236389
0.320000 0.242884
0.330000 0.249311
0.340000 0.255671
0.350000 0.261964
0.360000 0.268192
0.370000 0.274353
0.380000 0.280449
0.390000 0.286479
0.400000 0.292445
0.410000 0.298345
0.420000 0.304181
0.430000 0.309953
0.440000 0.315660
0.450000 0.321304
0.460000 0.326884
0.470000 0.332402
0.480000 0.337856
0.490000 0.343247
0.500000 0.348576
0.510000 0.353843
0.520000 0.359047
0.530000 0.371544
0.540000 0.384054
0.550000 0.396580
0.560000 0.409124
0.570000 0.421686
0.580000 0.434267
0.590000 0.446871
0.600000 0.459497
0.610000 0.472147
0.620000 0.484823
0.630000 0.497526
0.640000 0.510257
0.650000 0.523018
0.660000 0.535811
0.670000 0.548637
0.680000 0.561496
0.690000 0.574392
0.700000 0.587324
0.710000 0.600296
0.720000 0.613307
0.730000 0.626360
0.740000 0.639456
0.750000 0.652596
0.760000 0.665782
0.770000 0.679016
0.780000 0.692299
0.790000 0.705632
0.800000 0.719017
0.810000 0.732456
0.820000 0.745949
0.830000 0.759500
0.840000 0.773108
0.850000 0.786775
0.860000 0.800504
0.870000 0.814295
0.880000 0.828151
0.890000 0.842072
0.900000 0.856061
0.910000 0.870118
0.920000 0.884246
0.930000 0.898446
0.940000 0.912720
0.950000 0.927069
0.960000 0.941495
0.970000 0.955999
0.980000 0.970584
0.990000 0.985250
1.000000 1.000000
