0.000000 0.000000
0.010000 0.007345
0.020000 0.014644
0.030000 0.021897
0.040000 0.029104
0.050000 0.036267
0.060000 0.043385
0.070000 0.050459
0.080000 0.057489
0.090000 0.064474
0.100000 0.071417
0.110000 0.078316
0.120000 0.085173
0.130000 0.091988
0.140000 0.098760
0.150000 0.105490
0.160000 0.112179
0.170000 0.118827
0.180000 0.125434
0.190000 0.132000
0.200000 0.138526
0.210000 0.145012
0.220000 0.151459
0.230000 0.157866
0.240000 0.164234
0.250000 0.170563
0.260000 0.176854
0.270000 0.183107
0.280000 0.189322
0.290000 0.195499
0.300000 0.201639
0.310000 0.207742
0.320000 0.213808
0.330000 0.219837
0.340000 0.225831
0.350000 0.231789
0.360000 0.237711
0.370000 0.243597
0.380000 0.249449
0.390000 0.255265
0.400000 0.261048
0.410000 0.266796
0.420000 0.272510
0.430000 0.278190
0.440000 0.283836
0.450000 0.289450
0.460000 0.295031
0.470000 0.300578
0.480000 0.306094
0.490000 0.311577
0.500000 0.317028
0.510000 0.322448
0.520000 0.327836
0.525000 0.330273
0.535000 0.343297
0.545000 0.356343
0.555000 0.369413
0.565000 0.382509
0.575000 0.395631
0.585000 0.408782
0.595000 0.421962
0.605000 0.435173
0.615000 0.448418
0.625000 0.461696
0.635000 0.475010
0.645000 0.488362
0.655000 0.501752
0.665000 0.515182
0.675000 0.528654
0.685000 0.542170
0.695000 0.555730
0.705000 0.569337
0.715000 0.582991
0.725000 0.596695
0.735000 0.610449
0.745000 0.624256
0.755000 0.638118
0.765000 0.652034
0.775000 0.666008
0.785000 0.680041
0.795000 0.694134
0.805000 0.708289
0.815000 0.722507
0.825000 0.736791
0.835000 0.751141
0.845000 0.765560
0.855000 0.780048
0.865000 0.794608
0.875000 0.809242
0.885000 0.823950
0.895000 0.838735
0.905000 0.853598
0.915000 0.868540
0.925000 0.883565
0.935000 0.898672
0.945000 0.913865
0.955000 0.929144
0.965000 0.944512
0.975000 0.959970
0.985000 0.975519
0.995000 0.991163
