0.000000 0.000000
0.001000 0.000880
0.002000 0.001759
0.003000 0.002637
0.004000 0.003514
0.005000 0.004391
0.006000 0.005267
0.007000 0.006142
0.008000 0.007016
0.009000 0.007890
0.010000 0.008763
0.011000 0.009634
0.012000 0.010506
0.013000 0.011376
0.014000 0.012246
0.015000 0.013115
0.016000 0.013983
0.017000 0.014850
0.018000 0.015716
0.019000 0.016582
0.020000 0.017447
0.021000 0.018311
0.022000 0.019175
0.023000 0.020037
0.024000 0.020899
0.025000 0.021760
0.026000 0.022621
0.027000 0.023480
0.028000 0.024339
0.029000 0.025197
0.030000 0.026054
0.031000 0.026911
0.032000 0.027766
0.033000 0.028621
0.034000 0.029475
0.035000 0.030329
0.036000 0.031181
0.037000 0.032033
0.038000 0.032884
0.039000 0.033734
0.040000 0.034584
0.041000 0.035433
0.042000 0.036281
0.043000 0.037128
0.044000 0.037974
0.045000 0.038820
0.046000 0.039665
0.047000 0.040509
0.048000 0.041352
0.049000 0.042195
0.050000 0.043037
0.051000 0.043878
0.052000 0.044718
0.053000 0.045558
0.054000 0.046397
0.055000 0.047235
0.056000 0.048072
0.057000 0.048908
0.058000 0.049744
0.059000 0.050579
0.060000 0.051413
0.061000 0.052247
0.062000 0.053080
0.063000 0.053912
0.064000 0.054743
0.065000 0.055573
0.066000 0.056403
0.067000 0.057232
0.068000 0.058060
0.069000 0.058887
0.070000 0.059714
0.071000 0.060540
0.072000 0.061365
0.073000 0.062189
0.074000 0.063013
0.075000 0.063836
0.076000 0.064658
0.077000 0.065479
0.078000 0.066300
0.079000 0.067120
0.080000 0.067939
0.081000 0.068757
0.082000 0.069575
0.083000 0.070392
0.084000 0.071208
0.085000 0.072023
0.086000 0.072838
0.087000 0.073652
0.088000 0.074465
0.089000 0.075277
0.090000 0.076089
0.091000 0.076900
0.092000 0.077710
0.093000 0.078519
0.094000 0.079328
0.095000 0.080135
0.096000 0.080943
0.097000 0.081749
0.098000 0.082555
0.099000 0.083359
0.100000 0.084164
0.101000 0.084967
0.102000 0.085770
0.103000 0.086571
0.104000 0.087373
0.105000 0.088173
0.106000 0.088973
0.107000 0.089772
0.108000 0.090570
0.109000 0.091367
0.110000 0.092164
0.111000 0.092960
0.112000 0.093755
0.113000 0.094550
0.114000 0.095343
0.115000 0.096136
0.116000 0.096929
0.117000 0.097720
0.118000 0.098511
0.119000 0.099301
0.120000 0.100090
0.121000 0.100879
0.122000 0.101667
0.123000 0.102454
0.124000 0.103240
0.125000 0.104026
0.126000 0.104810
0.127000 0.105595
0.128000 0.106378
0.129000 0.107161
0.130000 0.107943
0.131000 0.108724
0.132000 0.109504
0.133000 0.110284
0.134000 0.111063
0.135000 0.111841
0.136000 0.112619
0.137000 0.113396
0.138000 0.114172
0.139000 0.114947
0.140000 0.115722
0.141000 0.116496
0.142000 0.117269
0.143000 0.118041
0.144000 0.118813
0.145000 0.119584
0.146000 0.120354
0.147000 0.121124
0.148000 0.121892
0.149000 0.122661
0.150000 0.123428
0.151000 0.124194
0.152000 0.124960
0.153000 0.125725
0.154000 0.126490
0.155000 0.127254
0.156000 0.128017
0.157000 0.128779
0.158000 0.129540
0.159000 0.130301
0.160000 0.131061
0.161000 0.131821
0.162000 0.132579
0.163000 0.133337
0.164000 0.134094
0.165000 0.134851
0.166000 0.135607
0.167000 0.136362
0.168000 0.137116
0.169000 0.137869
0.170000 0.138622
0.171000 0.139375
0.172000 0.140126
0.173000 0.140877
0.174000 0.141627
0.175000 0.142376
0.176000 0.143124
0.177000 0.143872
0.178000 0.144619
0.179000 0.145366
0.180000 0.146111
0.181000 0.146856
0.182000 0.147601
0.183000 0.148344
0.184000 0.149087
0.185000 0.149829
0.186000 0.150571
0.187000 0.151311
0.188000 0.152051
0.189000 0.152790
0.190000 0.153529
0.191000 0.154267
0.192000 0.155004
0.193000 0.155740
0.194000 0.156476
0.195000 0.157211
0.196000 0.157945
0.197000 0.158679
0.198000 0.159412
0.199000 0.160144
0.200000 0.160875
0.201000 0.161606
0.202000 0.162336
0.203000 0.163065
0.204000 0.163794
0.205000 0.164522
0.206000 0.165249
0.207000 0.165975
0.208000 0.166701
0.209000 0.167426
0.210000 0.168151
0.211000 0.168874
0.212000 0.169597
0.213000 0.170319
0.214000 0.171041
0.215000 0.171762
0.216000 0.172482
0.217000 0.173201
0.218000 0.173920
0.219000 0.174638
0.220000 0.175355
0.221000 0.176072
0.222000 0.176788
0.223000 0.177503
0.224000 0.178217
0.225000 0.178931
0.226000 0.179644
0.227000 0.180357
0.228000 0.181068
0.229000 0.181779
0.230000 0.182490
0.231000 0.183199
0.232000 0.183908
0.233000 0.184616
0.234000 0.185324
0.235000 0.186031
0.236000 0.186737
0.237000 0.187442
0.238000 0.188147
0.239000 0.188851
0.240000 0.189554
0.241000 0.190257
0.242000 0.190959
0.243000 0.191660
0.244000 0.192361
0.245000 0.193060
0.246000 0.193760
0.247000 0.194458
0.248000 0.195156
0.249000 0.195853
0.250000 0.196549
0.251000 0.197245
0.252000 0.197940
0.253000 0.198634
0.254000 0.199328
0.255000 0.200021
0.256000 0.200713
0.257000 0.201404
0.258000 0.202095
0.259000 0.202785
0.260000 0.203475
0.261000 0.204164
0.262000 0.204852
0.263000 0.205539
0.264000 0.206226
0.265000 0.206912
0.266000 0.207597
0.267000 0.208282
0.268000 0.208966
0.269000 0.209649
0.270000 0.210331
0.271000 0.211013
0.272000 0.211695
0.273000 0.212375
0.274000 0.213055
0.275000 0.213734
0.276000 0.214413
0.277000 0.215090
0.278000 0.215767
0.279000 0.216444
0.280000 0.217120
0.281000 0.217795
0.282000 0.218469
0.283000 0.219143
0.284000 0.219816
0.285000 0.220488
0.286000 0.221160
0.287000 0.221830
0.288000 0.222501
0.289000 0.223170
0.290000 0.223839
0.291000 0.224507
0.292000 0.225175
0.293000 0.225842
0.294000 0.226508
0.295000 0.227174
0.296000 0.227838
0.297000 0.228503
0.298000 0.229166
0.299000 0.229829
0.300000 0.230491
0.301000 0.231152
0.302000 0.231813
0.303000 0.232473
0.304000 0.233133
0.305000 0.233791
0.306000 0.234449
0.307000 0.235107
0.308000 0.235764
0.309000 0.236420
0.310000 0.237075
0.311000 0.237730
0.312000 0.238384
0.313000 0.239037
0.314000 0.239690
0.315000 0.240342
0.316000 0.240993
0.317000 0.241644
0.318000 0.242294
0.319000 0.242943
0.320000 0.243592
0.321000 0.244239
0.322000 0.244887
0.323000 0.245533
0.324000 0.246179
0.325000 0.246825
0.326000 0.247469
0.327000 0.248113
0.328000 0.248756
0.329000 0.249399
0.330000 0.250041
0.331000 0.250682
0.332000 0.251323
0.333000 0.251963
0.334000 0.252602
0.335000 0.253241
0.336000 0.253879
0.337000 0.254516
0.338000 0.255153
0.339000 0.255788
0.340000 0.256424
0.341000 0.257058
0.342000 0.257692
0.343000 0.258326
0.344000 0.258958
0.345000 0.259590
0.346000 0.260221
0.347000 0.260852
0.348000 0.261482
0.349000 0.262111
0.350000 0.262740
0.351000 0.263368
0.352000 0.263995
0.353000 0.264622
0.354000 0.265248
0.355000 0.265873
0.356000 0.266498
0.357000 0.267122
0.358000 0.267745
0.359000 0.268368
0.360000 0.268990
0.361000 0.269611
0.362000 0.270232
0.363000 0.270852
0.364000 0.271471
0.365000 0.272090
0.366000 0.272708
0.367000 0.273326
0.368000 0.273942
0.369000 0.274559
0.370000 0.275174
0.371000 0.275789
0.372000 0.276403
0.373000 0.277016
0.374000 0.277629
0.375000 0.278241
0.376000 0.278853
0.377000 0.279464
0.378000 0.280074
0.379000 0.280684
0.380000 0.281292
0.381000 0.281901
0.382000 0.282508
0.383000 0.283115
0.384000 0.283722
0.385000 0.284327
0.386000 0.284932
0.387000 0.285536
0.388000 0.286140
0.389000 0.286743
0.390000 0.287346
0.391000 0.287947
0.392000 0.288548
0.393000 0.289149
0.394000 0.289749
0.395000 0.290348
0.396000 0.290946
0.397000 0.291544
0.398000 0.292141
0.399000 0.292738
0.400000 0.293334
0.401000 0.293929
0.402000 0.294523
0.403000 0.295117
0.404000 0.295711
0.405000 0.296303
0.406000 0.296895
0.407000 0.297487
0.408000 0.298077
0.409000 0.298667
0.410000 0.299257
0.411000 0.299846
0.412000 0.300434
0.413000 0.301021
0.414000 0.301608
0.415000 0.302194
0.416000 0.302780
0.417000 0.303365
0.418000 0.303949
0.419000 0.304533
0.420000 0.305116
0.421000 0.305698
0.422000 0.306280
0.423000 0.306861
0.424000 0.307441
0.425000 0.308021
0.426000 0.308600
0.427000 0.309178
0.428000 0.309756
0.429000 0.310333
0.430000 0.310910
0.431000 0.311486
0.432000 0.312061
0.433000 0.312636
0.434000 0.313210
0.435000 0.313783
0.436000 0.314356
0.437000 0.314928
0.438000 0.315500
0.439000 0.316070
0.440000 0.316641
0.441000 0.317210
0.442000 0.317779
0.443000 0.318347
0.444000 0.318915
0.445000 0.319482
0.446000 0.320048
0.447000 0.320614
0.448000 0.321179
0.449000 0.321743
0.450000 0.322307
0.451000 0.322870
0.452000 0.323433
0.453000 0.323995
0.454000 0.324556
0.455000 0.325117
0.456000 0.325677
0.457000 0.326236
0.458000 0.326795
0.459000 0.327353
0.460000 0.327911
0.461000 0.328468
0.462000 0.329024
0.463000 0.329579
0.464000 0.330134
0.465000 0.330689
0.466000 0.331242
0.467000 0.331795
0.468000 0.332348
0.469000 0.332900
0.470000 0.333451
0.471000 0.334001
0.472000 0.334551
0.473000 0.335101
0.474000 0.335649
0.475000 0.336197
0.476000 0.336745
0.477000 0.337291
0.478000 0.337838
0.479000 0.338383
0.480000 0.338928
0.481000 0.339472
0.482000 0.340016
0.483000 0.340559
0.484000 0.341101
0.485000 0.341643
0.486000 0.342184
0.487000 0.342725
0.488000 0.343265
0.489000 0.343804
0.490000 0.344343
0.491000 0.344881
0.492000 0.345418
0.493000 0.345955
0.494000 0.346491
0.495000 0.347026
0.496000 0.347561
0.497000 0.348096
0.498000 0.348629
0.499000 0.349162
0.500000 0.349695
0.501000 0.350227
0.502000 0.350758
0.503000 0.351288
0.504000 0.351818
0.505000 0.352347
0.506000 0.352876
0.507000 0.353404
0.508000 0.353932
0.509000 0.354458
0.510000 0.354985
0.511000 0.355510
0.512000 0.356035
0.513000 0.356560
0.514000 0.357083
0.515000 0.357606
0.516000 0.358129
0.517000 0.358651
0.518000 0.359172
0.519000 0.359693
0.520000 0.360213
0.521000 0.360732
0.522000 0.361251
0.523000 0.361769
0.524000 0.362287
0.525000 0.362804
0.526000 0.364059
0.527000 0.365314
0.528000 0.366570
0.529000 0.367826
0.530000 0.369082
0.531000 0.370338
0.532000 0.371594
0.533000 0.372850
0.534000 0.374107
0.535000 0.375363
0.536000 0.376620
0.537000 0.377877
0.538000 0.379134
0.539000 0.380391
0.540000 0.381649
0.541000 0.382906
0.542000 0.384164
0.543000 0.385422
0.544000 0.386680
0.545000 0.387938
0.546000 0.389196
0.547000 0.390455
0.548000 0.391713
0.549000 0.392972
0.550000 0.394231
0.551000 0.395490
0.552000 0.396750
0.553000 0.398009
0.554000 0.399269
0.555000 0.400529
0.556000 0.401789
0.557000 0.403049
0.558000 0.404309
0.559000 0.405570
0.560000 0.406831
0.561000 0.408091
0.562000 0.409353
0.563000 0.410614
0.564000 0.411875
0.565000 0.413137
0.566000 0.414399
0.567000 0.415661
0.568000 0.416923
0.569000 0.418185
0.570000 0.419448
0.571000 0.420711
0.572000 0.421974
0.573000 0.423237
0.574000 0.424501
0.575000 0.425764
0.576000 0.427028
0.577000 0.428292
0.578000 0.429556
0.579000 0.430821
0.580000 0.432085
0.581000 0.433350
0.582000 0.434615
0.583000 0.435881
0.584000 0.437146
0.585000 0.438412
0.586000 0.439678
0.587000 0.440944
0.588000 0.442210
0.589000 0.443477
0.590000 0.444744
0.591000 0.446011
0.592000 0.447278
0.593000 0.448546
0.594000 0.449813
0.595000 0.451081
0.596000 0.452350
0.597000 0.453618
0.598000 0.454887
0.599000 0.456156
0.600000 0.457425
0.601000 0.458694
0.602000 0.459964
0.603000 0.461234
0.604000 0.462504
0.605000 0.463774
0.606000 0.465045
0.607000 0.466316
0.608000 0.467587
0.609000 0.468858
0.610000 0.470130
0.611000 0.471402
0.612000 0.472674
0.613000 0.473946
0.614000 0.475219
0.615000 0.476492
0.616000 0.477765
0.617000 0.479038
0.618000 0.480312
0.619000 0.481586
0.620000 0.482860
0.621000 0.484135
0.622000 0.485409
0.623000 0.486684
0.624000 0.487960
0.625000 0.489235
0.626000 0.490511
0.627000 0.491787
0.628000 0.493064
0.629000 0.494340
0.630000 0.495617
0.631000 0.496895
0.632000 0.498172
0.633000 0.499450
0.634000 0.500728
0.635000 0.502006
0.636000 0.503285
0.637000 0.504564
0.638000 0.505843
0.639000 0.507123
0.640000 0.508403
0.641000 0.509683
0.642000 0.510963
0.643000 0.512244
0.644000 0.513525
0.645000 0.514807
0.646000 0.516088
0.647000 0.517370
0.648000 0.518653
0.649000 0.519935
0.650000 0.521218
0.651000 0.522501
0.652000 0.523785
0.653000 0.525069
0.654000 0.526353
0.655000 0.527637
0.656000 0.528922
0.657000 0.530207
0.658000 0.531493
0.659000 0.532778
0.660000 0.534064
0.661000 0.535351
0.662000 0.536638
0.663000 0.537925
0.664000 0.539212
0.665000 0.540500
0.666000 0.541788
0.667000 0.543076
0.668000 0.544365
0.669000 0.545654
0.670000 0.546943
0.671000 0.548233
0.672000 0.549523
0.673000 0.550814
0.674000 0.552104
0.675000 0.553396
0.676000 0.554687
0.677000 0.555979
0.678000 0.557271
0.679000 0.558564
0.680000 0.559856
0.681000 0.561150
0.682000 0.562443
0.683000 0.563737
0.684000 0.565032
0.685000 0.566326
0.686000 0.567621
0.687000 0.568917
0.688000 0.570212
0.689000 0.571509
0.690000 0.572805
0.691000 0.574102
0.692000 0.575399
0.693000 0.576697
0.694000 0.577995
0.695000 0.579293
0.696000 0.580592
0.697000 0.581891
0.698000 0.583190
0.699000 0.584490
0.700000 0.585791
0.701000 0.587091
0.702000 0.588392
0.703000 0.589694
0.704000 0.590995
0.705000 0.592298
0.706000 0.593600
0.707000 0.594903
0.708000 0.596207
0.709000 0.597510
0.710000 0.598815
0.711000 0.600119
0.712000 0.601424
0.713000 0.602729
0.714000 0.604035
0.715000 0.605341
0.716000 0.606648
0.717000 0.607955
0.718000 0.609262
0.719000 0.610570
0.720000 0.611878
0.721000 0.613187
0.722000 0.614496
0.723000 0.615806
0.724000 0.617116
0.725000 0.618426
0.726000 0.619737
0.727000 0.621048
0.728000 0.622359
0.729000 0.623671
0.730000 0.624984
0.731000 0.626297
0.732000 0.627610
0.733000 0.628924
0.734000 0.630238
0.735000 0.631552
0.736000 0.632867
0.737000 0.634183
0.738000 0.635499
0.739000 0.636815
0.740000 0.638132
0.741000 0.639449
0.742000 0.640767
0.743000 0.642085
0.744000 0.643404
0.745000 0.644723
0.746000 0.646042
0.747000 0.647362
0.748000 0.648682
0.749000 0.650003
0.750000 0.651324
0.751000 0.652646
0.752000 0.653968
0.753000 0.655291
0.754000 0.656614
0.755000 0.657938
0.756000 0.659262
0.757000 0.660586
0.758000 0.661911
0.759000 0.663237
0.760000 0.664563
0.761000 0.665889
0.762000 0.667216
0.763000 0.668543
0.764000 0.669871
0.765000 0.671200
0.766000 0.672528
0.767000 0.673858
0.768000 0.675187
0.769000 0.676518
0.770000 0.677848
0.771000 0.679180
0.772000 0.680511
0.773000 0.681844
0.774000 0.683176
0.775000 0.684509
0.776000 0.685843
0.777000 0.687177
0.778000 0.688512
0.779000 0.689847
0.780000 0.691183
0.781000 0.692519
0.782000 0.693856
0.783000 0.695193
0.784000 0.696531
0.785000 0.697869
0.786000 0.699208
0.787000 0.700547
0.788000 0.701887
0.789000 0.703227
0.790000 0.704568
0.791000 0.705909
0.792000 0.707251
0.793000 0.708593
0.794000 0.709936
0.795000 0.711279
0.796000 0.712623
0.797000 0.713968
0.798000 0.715313
0.799000 0.716658
0.800000 0.718004
0.801000 0.719351
0.802000 0.720698
0.803000 0.722046
0.804000 0.723394
0.805000 0.724742
0.806000 0.726092
0.807000 0.727441
0.808000 0.728792
0.809000 0.730143
0.810000 0.731494
0.811000 0.732846
0.812000 0.734199
0.813000 0.735552
0.814000 0.736905
0.815000 0.738260
0.816000 0.739614
0.817000 0.740970
0.818000 0.742326
0.819000 0.743682
0.820000 0.745039
0.821000 0.746397
0.822000 0.747755
0.823000 0.749113
0.824000 0.750473
0.825000 0.751832
0.826000 0.753193
0.827000 0.754554
0.828000 0.755915
0.829000 0.757277
0.830000 0.758640
0.831000 0.760003
0.832000 0.761367
0.833000 0.762732
0.834000 0.764097
0.835000 0.765462
0.836000 0.766829
0.837000 0.768195
0.838000 0.769563
0.839000 0.770931
0.840000 0.772299
0.841000 0.773668
0.842000 0.775038
0.843000 0.776409
0.844000 0.777779
0.845000 0.779151
0.846000 0.780523
0.847000 0.781896
0.848000 0.783269
0.849000 0.784643
0.850000 0.786018
0.851000 0.787393
0.852000 0.788769
0.853000 0.790145
0.854000 0.791522
0.855000 0.792900
0.856000 0.794278
0.857000 0.795657
0.858000 0.797037
0.859000 0.798417
0.860000 0.799797
0.861000 0.801179
0.862000 0.802561
0.863000 0.803943
0.864000 0.805327
0.865000 0.806711
0.866000 0.808095
0.867000 0.809480
0.868000 0.810866
0.869000 0.812252
0.870000 0.813640
0.871000 0.815027
0.872000 0.816416
0.873000 0.817805
0.874000 0.819194
0.875000 0.820585
0.876000 0.821976
0.877000 0.823367
0.878000 0.824759
0.879000 0.826152
0.880000 0.827546
0.881000 0.828940
0.882000 0.830335
0.883000 0.831730
0.884000 0.833127
0.885000 0.834523
0.886000 0.835921
0.887000 0.837319
0.888000 0.838718
0.889000 0.840118
0.890000 0.841518
0.891000 0.842919
0.892000 0.844320
0.893000 0.845722
0.894000 0.847125
0.895000 0.848529
0.896000 0.849933
0.897000 0.851338
0.898000 0.852744
0.899000 0.854150
0.900000 0.855557
0.901000 0.856965
0.902000 0.858373
0.903000 0.859782
0.904000 0.861192
0.905000 0.862602
0.906000 0.864013
0.907000 0.865425
0.908000 0.866838
0.909000 0.868251
0.910000 0.869665
0.911000 0.871080
0.912000 0.872495
0.913000 0.873911
0.914000 0.875328
0.915000 0.876745
0.916000 0.878163
0.917000 0.879582
0.918000 0.881002
0.919000 0.882422
0.920000 0.883843
0.921000 0.885265
0.922000 0.886688
0.923000 0.888111
0.924000 0.889535
0.925000 0.890960
0.926000 0.892385
0.927000 0.893811
0.928000 0.895238
0.929000 0.896666
0.930000 0.898094
0.931000 0.899523
0.932000 0.900953
0.933000 0.902383
0.934000 0.903815
0.935000 0.905247
0.936000 0.906679
0.937000 0.908113
0.938000 0.909547
0.939000 0.910982
0.940000 0.912418
0.941000 0.913855
0.942000 0.915292
0.943000 0.916730
0.944000 0.918169
0.945000 0.919608
0.946000 0.921048
0.947000 0.922490
0.948000 0.923931
0.949000 0.925374
0.950000 0.926817
0.951000 0.928262
0.952000 0.929706
0.953000 0.931152
0.954000 0.932599
0.955000 0.934046
0.956000 0.935494
0.957000 0.936943
0.958000 0.938392
0.959000 0.939842
0.960000 0.941294
0.961000 0.942746
0.962000 0.944198
0.963000 0.945652
0.964000 0.947106
0.965000 0.948561
0.966000 0.950017
0.967000 0.951474
0.968000 0.952931
0.969000 0.954389
0.970000 0.955848
0.971000 0.957308
0.972000 0.958769
0.973000 0.960230
0.974000 0.961693
0.975000 0.963156
0.976000 0.964620
0.977000 0.966084
0.978000 0.967550
0.979000 0.969016
0.980000 0.970483
0.981000 0.971951
0.982000 0.973420
0.983000 0.974890
0.984000 0.976360
0.985000 0.977831
0.986000 0.979303
0.987000 0.980776
0.988000 0.982250
0.989000 0.983724
0.990000 0.985200
0.991000 0.986676
0.992000 0.988153
0.993000 0.989631
0.994000 0.991110
0.995000 0.992589
0.996000 0.994070
0.997000 0.995551
0.998000 0.997033
0.999000 0.998516
1.000000 1.000000
