0.000000 0.000000
0.100000 2.395464
0.200000 4.149981
0.300000 5.391574
0.400000 6.245884
0.500000 6.806789
0.600000 7.166802
0.700000 7.382926
0.800000 7.511494
0.900000 7.580769
1.000000 7.618737
1.100000 7.636641
1.200000 7.645631
1.300000 7.649206
1.400000 7.650841
1.500000 7.651357
1.600000 7.651571
1.700000 7.651619
1.800000 7.651637
1.900000 7.651639
2.000000 7.651640
2.100000 7.651640
2.200000 7.651640
2.300000 7.651640
2.400000 7.651640
2.500000 7.651640
2.600000 7.651640
2.700000 7.651640
2.800000 7.651640
2.900000 7.651640
3.000000 7.651640
3.100000 7.651640
3.200000 7.651640
3.300000 7.651640
3.400000 7.651640
3.500000 7.651640
3.600000 7.651640
3.700000 7.651640
3.800000 7.651640
3.900000 7.651640
4.000000 7.651640
4.100000 7.651640
4.200000 7.651640
4.300000 7.651640
4.400000 7.651640
4.500000 7.651640
4.600000 7.651640
4.700000 7.651640
4.800000 7.651640
4.900000 7.651640
5.000000 7.651640
5.100000 7.651640
5.200000 7.651640
5.300000 7.651640
5.400000 7.651640
5.500000 7.651640
5.600000 7.651640
5.700000 7.651640
5.800000 7.651640
5.900000 7.651640
6.000000 7.651640
6.100000 7.651640
6.200000 7.651640
6.300000 7.651640
6.400000 7.651640
6.500000 7.651640
6.600000 7.651640
6.700000 7.651640
6.800000 7.651640
6.900000 7.651640
7.000000 7.651640
7.100000 7.651640
7.200000 7.651640
7.300000 7.651640
7.400000 7.651640
7.500000 7.651640
7.600000 7.651640
7.700000 7.651640
7.800000 7.651640
7.900000 7.651640
8.000000 7.651640
8.100000 7.651640
8.200000 7.651640
8.300000 7.651640
8.400000 7.651640
8.500000 7.651640
8.600000 7.651640
8.700000 7.651640
8.800000 7.651640
8.900000 7.651640
9.000000 7.651640
9.100000 7.651640
9.200000 7.651640
9.300000 7.651640
9.400000 7.651640
9.500000 7.651640
9.600000 7.651640
9.700000 7.651640
9.800000 7.651640
9.900000 7.651640
10.000000 7.651640
10.100000 7.651640
10.200000 7.651640
10.300000 7.651640
10.400000 7.651640
10.500000 7.651640
10.600000 7.651640
10.700000 7.651640
10.800000 7.651640
10.900000 7.651640
11.000000 7.651640
11.100000 7.651640
11.200000 7.651640
11.300000 7.651640
11.400000 7.651640
11.500000 7.651640
11.600000 7.651640
11.700000 7.651640
11.800000 7.651640
11.900000 7.651640
12.000000 7.651640
12.100000 7.651640
12.200000 7.651640
12.300000 7.651640
12.400000 7.651640
12.500000 7.651640
12.600000 7.651640
12.700000 7.651640
12.800000 7.651640
12.900000 7.651640
13.000000 7.651640
13.100000 7.651640
13.200000 7.651640
13.300000 7.651640
13.400000 7.651640
13.500000 7.651640
13.600000 7.651640
13.700000 7.651640
13.800000 7.651640
13.900000 7.651640
14.000000 7.651640
14.100000 7.651640
14.200000 7.651640
14.300000 7.651640
14.400000 7.651640
14.500000 7.651640
14.600000 7.651640
14.700000 7.651640
14.800000 7.651640
14.900000 7.651640
15.000000 7.651640
15.100000 7.651640
15.200000 7.651640
15.300000 7.651640
15.400000 7.651640
15.500000 7.651640
15.600000 7.651640
15.700000 7.651640
15.800000 7.651640
15.900000 7.651640
16.000000 7.651640
16.100000 7.651640
16.200000 7.651640
16.300000 7.651640
16.400000 7.651640
16.500000 7.651640
16.600000 7.651640
16.700000 7.651640
16.800000 7.651640
16.900000 7.651640
17.000000 7.651640
17.100000 7.651640
17.200000 7.651640
17.300000 7.651640
17.400000 7.651640
17.500000 7.651640
17.600000 7.651640
17.700000 7.651640
17.800000 7.651640
17.900000 7.651640
18.000000 7.651640
18.100000 7.651640
18.200000 7.651640
18.300000 7.651640
18.400000 7.651640
18.500000 7.651640
18.600000 7.651640
18.700000 7.651640
18.800000 7.651640
18.900000 7.651640
19.000000 7.651640
19.100000 7.651640
19.200000 7.651640
19.300000 7.651640
19.400000 7.651640
19.500000 7.651640
19.600000 7.651640
19.700000 7.651640
19.800000 7.651640
19.900000 7.651640
20.000000 7.651640
20.100000 7.651640
20.200000 7.651640
20.300000 7.651640
20.400000 7.651640
20.500000 7.651640
20.600000 7.651640
20.700000 7.651640
20.800000 7.651640
20.900000 7.651640
21.000000 7.651640
21.100000 7.651640
21.200000 7.651640
21.300000 7.651640
21.400000 7.651640
21.500000 7.651640
21.600000 7.651640
21.700000 7.651640
21.800000 7.651640
21.900000 7.651640
22.000000 7.651640
22.100000 7.651640
22.200000 7.651640
22.300000 7.651640
22.400000 7.651640
22.500000 7.651640
22.600000 7.651640
22.700000 7.651640
22.800000 7.651640
22.900000 7.651640
23.000000 7.651640
23.100000 7.651640
23.200000 7.651640
23.300000 7.651640
23.400000 7.651640
23.500000 7.651640
23.600000 7.651640
23.700000 7.651640
23.800000 7.651640
23.900000 7.651640
24.000000 7.651640
24.100000 7.651640
24.200000 7.651640
24.300000 7.651640
24.400000 7.651640
24.500000 7.651640
24.600000 7.651640
24.700000 7.651640
24.800000 7.651640
24.900000 7.651640
25.000000 7.651640
25.100000 7.651640
25.200000 7.651640
25.300000 7.651640
25.400000 7.651640
25.500000 7.651640
25.600000 7.651640
25.700000 7.651640
25.800000 7.651640
25.900000 7.651640
26.000000 7.651640
26.100000 7.651640
26.200000 7.651640
26.300000 7.651640
26.400000 7.651640
26.500000 7.651640
26.600000 7.651640
26.700000 7.651640
26.800000 7.651640
26.900000 7.651640
27.000000 7.651640
27.100000 7.651640
27.200000 7.651640
27.300000 7.651640
27.400000 7.651640
27.500000 7.651640
27.600000 7.651640
27.700000 7.651640
27.800000 7.651640
27.900000 7.651640
28.000000 7.651640
28.100000 7.651640
28.200000 7.651640
28.300000 7.651640
28.400000 7.651640
28.500000 7.651640
28.600000 7.651640
28.700000 7.651640
28.800000 7.651640
28.900000 7.651640
29.000000 7.651640
29.100000 7.651640
29.200000 7.651640
29.300000 7.651640
29.400000 7.651640
29.500000 7.651640
29.600000 7.651640
29.700000 7.651640
29.800000 7.651640
29.900000 7.651640
30.000000 7.651640
30.100000 7.651640
30.200000 7.651640
30.300000 7.651640
30.400000 7.651640
30.500000 7.651640
30.600000 7.651640
30.700000 7.651640
30.800000 7.651640
30.900000 7.651640
31.000000 7.651640
31.100000 7.651640
31.200000 7.651640
31.300000 7.651640
31.400000 7.651640
31.500000 7.651640
31.600000 7.651640
31.700000 7.651640
31.800000 7.651640
31.900000 7.651640
32.000000 7.651640
32.100000 7.651640
32.200000 7.651640
32.300000 7.651640
32.400000 7.651640
32.500000 7.651640
32.600000 7.651640
32.700000 7.651640
32.800000 7.651640
32.900000 7.651640
33.000000 7.651640
33.100000 7.651640
33.200000 7.651640
33.300000 7.651640
33.400000 7.651640
33.500000 7.651640
33.600000 7.651640
33.700000 7.651640
33.800000 7.651640
33.900000 7.651640
34.000000 7.651640
34.100000 7.651640
34.200000 7.651640
34.300000 7.651640
34.400000 7.651640
34.500000 7.651640
34.600000 7.651640
34.700000 7.651640
34.800000 7.651640
34.900000 7.651640
35.000000 7.651640
35.100000 7.651640
35.200000 7.651640
35.300000 7.651640
35.400000 7.651640
35.500000 7.651640
35.600000 7.651640
35.700000 7.651640
35.800000 7.651640
35.900000 7.651640
36.000000 7.651640
36.100000 7.651640
36.200000 7.651640
36.300000 7.651640
36.400000 7.651640
36.500000 7.651640
36.600000 7.651640
36.700000 7.651640
36.800000 7.651640
36.900000 7.651640
37.000000 7.651640
37.100000 7.651640
37.200000 7.651640
37.300000 7.651640
37.400000 7.651640
37.500000 7.651640
37.600000 7.651640
37.700000 7.651640
37.800000 7.651640
37.900000 7.651640
38.000000 7.651640
38.100000 7.651640
38.200000 7.651640
38.300000 7.651640
38.400000 7.651640
38.500000 7.651640
38.600000 7.651640
38.700000 7.651640
38.800000 7.651640
38.900000 7.651640
39.000000 7.651640
39.100000 7.651640
39.200000 7.651640
39.300000 7.651640
39.400000 7.651640
39.500000 7.651640
39.600000 7.651640
39.700000 7.651640
39.800000 7.651640
39.900000 7.651640
40.000000 7.651640
40.100000 7.651640
40.200000 7.651640
40.300000 7.651640
40.400000 7.651640
40.500000 7.651640
40.600000 7.651640
40.700000 7.651640
40.800000 7.651640
40.900000 7.651640
41.000000 7.651640
41.100000 7.651640
41.200000 7.651640
41.300000 7.651640
41.400000 7.651640
41.500000 7.651640
41.600000 7.651640
41.700000 7.651640
41.800000 7.651640
41.900000 7.651640
42.000000 7.651640
42.100000 7.651640
42.200000 7.651640
42.300000 7.651640
42.400000 7.651640
42.500000 7.651640
42.600000 7.651640
42.700000 7.651640
42.800000 7.651640
42.900000 7.651640
43.000000 7.651640
43.100000 7.651640
43.200000 7.651640
43.300000 7.651640
43.400000 7.651640
43.500000 7.651640
43.600000 7.651640
43.700000 7.651640
43.800000 7.651640
43.900000 7.651640
44.000000 7.651640
44.100000 7.651640
44.200000 7.651640
44.300000 7.651640
44.400000 7.651640
44.500000 7.651640
44.600000 7.651640
44.700000 7.651640
44.800000 7.651640
44.900000 7.651640
45.000000 7.651640
45.100000 7.651640
45.200000 7.651640
45.300000 7.651640
45.400000 7.651640
45.500000 7.651640
45.600000 7.651640
45.700000 7.651640
45.800000 7.651640
45.900000 7.651640
46.000000 7.651640
46.100000 7.651640
46.200000 7.651640
46.300000 7.651640
46.400000 7.651640
46.500000 7.651640
46.600000 7.651640
46.700000 7.651640
46.800000 7.651640
46.900000 7.651640
47.000000 7.651640
47.100000 7.651640
47.200000 7.651640
47.300000 7.651640
47.400000 7.651640
47.500000 7.651640
47.600000 7.651640
47.700000 7.651640
47.800000 7.651640
47.900000 7.651640
48.000000 7.651640
48.100000 7.651640
48.200000 7.651640
48.300000 7.651640
48.400000 7.651640
48.500000 7.651640
48.600000 7.651640
48.700000 7.651640
48.800000 7.651640
48.900000 7.651640
49.000000 7.651640
49.100000 7.651640
49.200000 7.651640
49.300000 7.651640
49.400000 7.651640
49.500000 7.651640
49.600000 7.651640
49.700000 7.651640
49.800000 7.651640
49.900000 7.651640
50.000000 7.651640
50.100000 7.651640
50.200000 7.651640
50.300000 7.651640
50.400000 7.651640
50.500000 7.651640
50.600000 7.651639
50.700000 7.651637
50.800000 7.651619
50.900000 7.651571
51.000000 7.651357
51.100000 7.650841
51.200000 7.649206
51.300000 7.645631
51.400000 7.636641
51.500000 7.618737
51.600000 7.580769
51.700000 7.511494
51.800000 7.382926
51.900000 7.166802
52.000000 6.806789
52.100000 6.245884
52.200000 5.391574
52.300000 4.149981
52.400000 2.395464
52.500000 3.059524
52.600000 4.792622
52.700000 5.948717
52.800000 6.725849
52.900000 7.163385
53.000000 7.448939
53.100000 7.563186
53.200000 7.644267
53.300000 7.652804
53.400000 7.668510
53.500000 7.659020
53.600000 7.660210
53.700000 7.654431
53.800000 7.654063
53.900000 7.652221
54.000000 7.652077
54.100000 7.651709
54.200000 7.651687
54.300000 7.651643
54.400000 7.651642
54.500000 7.651640
54.600000 7.651640
54.700000 7.651640
54.800000 7.651640
54.900000 7.651640
55.000000 7.651640
55.100000 7.651640
55.200000 7.651640
55.300000 7.651640
55.400000 7.651640
55.500000 7.651640
55.600000 7.651640
55.700000 7.651640
55.800000 7.651640
55.900000 7.651640
56.000000 7.651640
56.100000 7.651640
56.200000 7.651640
56.300000 7.651640
56.400000 7.651640
56.500000 7.651640
56.600000 7.651640
56.700000 7.651640
56.800000 7.651640
56.900000 7.651640
57.000000 7.651640
57.100000 7.651640
57.200000 7.651640
57.300000 7.651640
57.400000 7.651640
57.500000 7.651640
57.600000 7.651640
57.700000 7.651640
57.800000 7.651640
57.900000 7.651640
58.000000 7.651640
58.100000 7.651640
58.200000 7.651640
58.300000 7.651640
58.400000 7.651640
58.500000 7.651640
58.600000 7.651640
58.700000 7.651640
58.800000 7.651640
58.900000 7.651640
59.000000 7.651640
59.100000 7.651640
59.200000 7.651640
59.300000 7.651640
59.400000 7.651640
59.500000 7.651640
59.600000 7.651640
59.700000 7.651640
59.800000 7.651640
59.900000 7.651640
60.000000 7.651640
60.100000 7.651640
60.200000 7.651640
60.300000 7.651640
60.400000 7.651640
60.500000 7.651640
60.600000 7.651640
60.700000 7.651640
60.800000 7.651640
60.900000 7.651640
61.000000 7.651640
61.100000 7.651640
61.200000 7.651640
61.300000 7.651640
61.400000 7.651640
61.500000 7.651640
61.600000 7.651640
61.700000 7.651640
61.800000 7.651640
61.900000 7.651640
62.000000 7.651640
62.100000 7.651640
62.200000 7.651640
62.300000 7.651640
62.400000 7.651640
62.500000 7.651640
62.600000 7.651640
62.700000 7.651640
62.800000 7.651640
62.900000 7.651640
63.000000 7.651640
63.100000 7.651640
63.200000 7.651640
63.300000 7.651640
63.400000 7.651640
63.500000 7.651640
63.600000 7.651640
63.700000 7.651640
63.800000 7.651640
63.900000 7.651640
64.000000 7.651640
64.100000 7.651640
64.200000 7.651640
64.300000 7.651640
64.400000 7.651640
64.500000 7.651640
64.600000 7.651640
64.700000 7.651640
64.800000 7.651640
64.900000 7.651640
65.000000 7.651640
65.100000 7.651640
65.200000 7.651640
65.300000 7.651640
65.400000 7.651640
65.500000 7.651640
65.600000 7.651640
65.700000 7.651640
65.800000 7.651640
65.900000 7.651640
66.000000 7.651640
66.100000 7.651640
66.200000 7.651640
66.300000 7.651640
66.400000 7.651640
66.500000 7.651640
66.600000 7.651640
66.700000 7.651640
66.800000 7.651640
66.900000 7.651640
67.000000 7.651640
67.100000 7.651640
67.200000 7.651640
67.300000 7.651640
67.400000 7.651640
67.500000 7.651640
67.600000 7.651640
67.700000 7.651640
67.800000 7.651640
67.900000 7.651640
68.000000 7.651640
68.100000 7.651640
68.200000 7.651640
68.300000 7.651640
68.400000 7.651640
68.500000 7.651640
68.600000 7.651640
68.700000 7.651640
68.800000 7.651640
68.900000 7.651640
69.000000 7.651640
69.100000 7.651640
69.200000 7.651640
69.300000 7.651640
69.400000 7.651640
69.500000 7.651640
69.600000 7.651640
69.700000 7.651640
69.800000 7.651640
69.900000 7.651640
70.000000 7.651640
70.100000 7.651640
70.200000 7.651640
70.300000 7.651640
70.400000 7.651640
70.500000 7.651640
70.600000 7.651640
70.700000 7.651640
70.800000 7.651640
70.900000 7.651640
71.000000 7.651640
71.100000 7.651640
71.200000 7.651640
71.300000 7.651640
71.400000 7.651640
71.500000 7.651640
71.600000 7.651640
71.700000 7.651640
71.800000 7.651640
71.900000 7.651640
72.000000 7.651640
72.100000 7.651640
72.200000 7.651640
72.300000 7.651640
72.400000 7.651640
72.500000 7.651640
72.600000 7.651640
72.700000 7.651640
72.800000 7.651640
72.900000 7.651640
73.000000 7.651640
73.100000 7.651640
73.200000 7.651640
73.300000 7.651640
73.400000 7.651640
73.500000 7.651640
73.600000 7.651640
73.700000 7.651640
73.800000 7.651640
73.900000 7.651640
74.000000 7.651640
74.100000 7.651640
74.200000 7.651640
74.300000 7.651640
74.400000 7.651640
74.500000 7.651640
74.600000 7.651640
74.700000 7.651640
74.800000 7.651640
74.900000 7.651640
75.000000 7.651640
75.100000 7.651640
75.200000 7.651640
75.300000 7.651640
75.400000 7.651640
75.500000 7.651640
75.600000 7.651640
75.700000 7.651640
75.800000 7.651640
75.900000 7.651640
76.000000 7.651640
76.100000 7.651640
76.200000 7.651640
76.300000 7.651640
76.400000 7.651640
76.500000 7.651640
76.600000 7.651640
76.700000 7.651640
76.800000 7.651640
76.900000 7.651640
77.000000 7.651640
77.100000 7.651640
77.200000 7.651640
77.300000 7.651640
77.400000 7.651640
77.500000 7.651640
77.600000 7.651640
77.700000 7.651640
77.800000 7.651640
77.900000 7.651640
78.000000 7.651640
78.100000 7.651640
78.200000 7.651640
78.300000 7.651640
78.400000 7.651640
78.500000 7.651640
78.600000 7.651640
78.700000 7.651640
78.800000 7.651640
78.900000 7.651640
79.000000 7.651640
79.100000 7.651640
79.200000 7.651640
79.300000 7.651640
79.400000 7.651640
79.500000 7.651640
79.600000 7.651640
79.700000 7.651640
79.800000 7.651640
79.900000 7.651640
80.000000 7.651640
80.100000 7.651640
80.200000 7.651640
80.300000 7.651640
80.400000 7.651640
80.500000 7.651640
80.600000 7.651640
80.700000 7.651640
80.800000 7.651640
80.900000 7.651640
81.000000 7.651640
81.100000 7.651640
81.200000 7.651640
81.300000 7.651640
81.400000 7.651640
81.500000 7.651640
81.600000 7.651640
81.700000 7.651640
81.800000 7.651640
81.900000 7.651640
82.000000 7.651640
82.100000 7.651640
82.200000 7.651640
82.300000 7.651640
82.400000 7.651640
82.500000 7.651640
82.600000 7.651640
82.700000 7.651640
82.800000 7.651640
82.900000 7.651640
83.000000 7.651640
83.100000 7.651640
83.200000 7.651640
83.300000 7.651640
83.400000 7.651640
83.500000 7.651640
83.600000 7.651640
83.700000 7.651640
83.800000 7.651640
83.900000 7.651640
84.000000 7.651640
84.100000 7.651640
84.200000 7.651640
84.300000 7.651640
84.400000 7.651640
84.500000 7.651640
84.600000 7.651640
84.700000 7.651640
84.800000 7.651640
84.900000 7.651640
85.000000 7.651640
85.100000 7.651640
85.200000 7.651640
85.300000 7.651640
85.400000 7.651640
85.500000 7.651640
85.600000 7.651640
85.700000 7.651640
85.800000 7.651640
85.900000 7.651640
86.000000 7.651640
86.100000 7.651640
86.200000 7.651640
86.300000 7.651640
86.400000 7.651640
86.500000 7.651640
86.600000 7.651640
86.700000 7.651640
86.800000 7.651640
86.900000 7.651640
87.000000 7.651640
87.100000 7.651640
87.200000 7.651640
87.300000 7.651640
87.400000 7.651640
87.500000 7.651640
87.600000 7.651640
87.700000 7.651640
87.800000 7.651640
87.900000 7.651640
88.000000 7.651640
88.100000 7.651640
88.200000 7.651640
88.300000 7.651640
88.400000 7.651640
88.500000 7.651640
88.600000 7.651640
88.700000 7.651640
88.800000 7.651640
88.900000 7.651640
89.000000 7.651640
89.100000 7.651640
89.200000 7.651640
89.300000 7.651640
89.400000 7.651640
89.500000 7.651640
89.600000 7.651640
89.700000 7.651640
89.800000 7.651640
89.900000 7.651640
90.000000 7.651640
90.100000 7.651640
90.200000 7.651640
90.300000 7.651640
90.400000 7.651640
90.500000 7.651640
90.600000 7.651640
90.700000 7.651640
90.800000 7.651640
90.900000 7.651640
91.000000 7.651640
91.100000 7.651640
91.200000 7.651640
91.300000 7.651640
91.400000 7.651640
91.500000 7.651640
91.600000 7.651640
91.700000 7.651640
91.800000 7.651640
91.900000 7.651640
92.000000 7.651640
92.100000 7.651640
92.200000 7.651640
92.300000 7.651640
92.400000 7.651640
92.500000 7.651640
92.600000 7.651640
92.700000 7.651640
92.800000 7.651640
92.900000 7.651640
93.000000 7.651640
93.100000 7.651640
93.200000 7.651640
93.300000 7.651640
93.400000 7.651640
93.500000 7.651640
93.600000 7.651640
93.700000 7.651640
93.800000 7.651640
93.900000 7.651640
94.000000 7.651640
94.100000 7.651640
94.200000 7.651640
94.300000 7.651640
94.400000 7.651640
94.500000 7.651640
94.600000 7.651640
94.700000 7.651640
94.800000 7.651640
94.900000 7.651640
95.000000 7.651640
95.100000 7.651640
95.200000 7.651640
95.300000 7.651640
95.400000 7.651640
95.500000 7.651640
95.600000 7.651640
95.700000 7.651640
95.800000 7.651640
95.900000 7.651640
96.000000 7.651640
96.100000 7.651640
96.200000 7.651640
96.300000 7.651640
96.400000 7.651640
96.500000 7.651640
96.600000 7.651640
96.700000 7.651640
96.800000 7.651640
96.900000 7.651640
97.000000 7.651640
97.100000 7.651640
97.200000 7.651640
97.300000 7.651640
97.400000 7.651640
97.500000 7.651640
97.600000 7.651640
97.700000 7.651640
97.800000 7.651640
97.900000 7.651641
98.000000 7.651641
98.100000 7.651657
98.200000 7.651657
98.300000 7.651783
98.400000 7.651743
98.500000 7.652268
98.600000 7.651680
98.700000 7.652538
98.800000 7.648013
98.900000 7.644331
99.000000 7.620704
99.100000 7.587130
99.200000 7.494614
99.300000 7.350351
99.400000 7.063050
99.500000 6.620160
99.600000 5.885600
99.700000 4.804281
99.800000 3.213072
99.900000 1.000000
