0.000000
2.395464
4.149981
5.391574
6.245884
6.806789
7.166802
7.382926
7.511494
7.580769
7.618737
7.636641
7.645631
7.649206
7.650841
7.651357
7.651571
7.651619
7.651637
7.651639
7.651640
7.651640
7.651640
7.651640
7.651640
7.651640
7.651640
7.651640
7.651640
7.651640
7.651640
7.651640
7.651640
7.651640
7.651640
7.651640
7.651640
7.651640
7.651640
7.651640
7.651640
7.651640
7.651640
7.651640
7.651640
7.651640
7.651640
7.651640
7.651640
7.651640
7.651640
7.651640
7.651640
7.651640
7.651640
7.651640
7.651640
7.651640
7.651640
7.651640
7.651640
7.651640
7.651640
7.651640
7.651640
7.651640
7.651640
7.651640
7.651640
7.651640
7.651640
7.651640
7.651640
7.651640
7.651640
7.651640
7.651640
7.651640
7.651640
7.651640
7.651640
7.651640
7.651640
7.651640
7.651640
7.651640
7.651640
7.651640
7.651640
7.651640
7.651640
7.651640
7.651640
7.651640
7.651640
7.651640
7.651640
7.651640
7.651640
7.651640
7.651640
7.651640
7.651640
7.651640
7.651640
7.651640
7.651640
7.651640
7.651640
7.651640
7.651640
7.651640
7.651640
7.651640
7.651640
7.651640
7.651640
7.651640
7.651640
7.651640
7.651640
7.651640
7.651640
7.651640
7.651640
7.651640
7.651640
7.651640
7.651640
7.651640
7.651640
7.651640
7.651640
7.651640
7.651640
7.651640
7.651640
7.651640
7.651640
7.651640
7.651640
7.651640
7.651640
7.651640
7.651640
7.651640
7.651640
7.651640
7.651640
7.651640
7.651640
7.651640
7.651640
7.651640
7.651640
7.651640
7.651640
7.651640
7.651640
7.651640
7.651640
7.651640
7.651640
7.651640
7.651640
7.651640
7.651640
7.651640
7.651640
7.651640
7.651640
7.651640
7.651640
7.651640
7.651640
7.651640
7.651640
7.651640
7.651640
7.651640
7.651640
7.651640
7.651640
7.651640
7.651640
7.651640
7.651640
7.651640
7.651640
7.651640
7.651640
7.651640
7.651640
7.651640
7.651640
7.651640
7.651640
7.651640
7.651640
7.651640
7.651640
7.651640
7.651640
7.651640
7.651640
7.651640
7.651640
7.651640
7.651640
7.651640
7.651640
7.651640
7.651640
7.651640
7.651640
7.651640
7.651640
7.651640
7.651640
7.651640
7.651640
7.651640
7.651640
7.651640
7.651640
7.651640
7.651640
7.651640
7.651640
7.651640
7.651640
7.651640
7.651640
7.651640
7.651640
7.651640
7.651640
7.651640
7.651640
7.651640
7.651640
7.651640
7.651640
7.651640
7.651640
7.651640
7.651640
7.651640
7.651640
7.651640
7.651640
7.651640
7.651640
7.651640
7.651640
7.651640
7.651640
7.651640
7.651640
7.651640
7.651640
7.651640
7.651640
7.651640
7.651640
7.651640
7.651640
7.651640
7.651640
7.651640
7.651640
7.651640
7.651640
7.651640
7.651640
7.651640
7.651640
7.651640
7.651640
7.651640
7.651640
7.651640
7.651640
7.651640
7.651640
7.651640
7.651640
7.651640
7.651640
7.651640
7.651640
7.651640
7.651640
7.651640
7.651640
7.651640
7.651640
7.651640
7.651640
7.651640
7.651640
7.651640
7.651640
7.651640
7.651640
7.651640
7.651640
7.651640
7.651640
7.651640
7.651640
7.651640
7.651640
7.651640
7.651640
7.651640
7.651640
7.651640
7.651640
7.651640
7.651640
7.651640
7.651640
7.651640
7.651640
7.651640
7.651640
7.651640
7.651640
7.651640
7.651640
7.651640
7.651640
7.651640
7.651640
7.651640
7.651640
7.651640
7.651640
7.651640
7.651640
7.651640
7.651640
7.651640
7.651640
7.651640
7.651640
7.651640
7.651640
7.651640
7.651640
7.651640
7.651640
7.651640
7.651640
7.651640
7.651640
7.651640
7.651640
7.651640
7.651640
7.651640
7.651640
7.651640
7.651640
7.651640
7.651640
7.651640
7.651640
7.651640
7.651640
7.651640
7.651640
7.651640
7.651640
7.651640
7.651640
7.651640
7.651640
7.651640
7.651640
7.651640
7.651640
7.651640
7.651640
7.651640
7.651640
7.651640
7.651640
7.651640
7.651640
7.651640
7.651640
7.651640
7.651640
7.651640
7.651640
7.651640
7.651640
7.651640
7.651640
7.651640
7.651640
7.651640
7.651640
7.651640
7.651640
7.651640
7.651640
7.651640
7.651640
7.651640
7.651640
7.651640
7.651640
7.651640
7.651640
7.651640
7.651640
7.651640
7.651640
7.651640
7.651640
7.651640
7.651640
7.651640
7.651640
7.651640
7.651640
7.651640
7.651640
7.651640
7.651640
7.651640
7.651640
7.651640
7.651640
7.651640
7.651640
7.651640
7.651640
7.651640
7.651640
7.651640
7.651640
7.651640
7.651640
7.651640
7.651640
7.651640
7.651640
7.651640
7.651640
7.651640
7.651640
7.651640
7.651640
7.651640
7.651640
7.651640
7.651640
7.651640
7.651640
7.651640
7.651640
7.651640
7.651640
7.651640
7.651640
7.651640
7.651640
7.651640
7.651640
7.651640
7.651640
7.651640
7.651640
7.651640
7.651640
7.651640
7.651640
7.651640
7.651640
7.651640
7.651640
7.651640
7.651640
7.651640
7.651640
7.651640
7.651640
7.651640
7.651640
7.651640
7.651640
7.651640
7.651640
7.651640
7.651640
7.651640
7.651640
7.651640
7.651640
7.651640
7.651640
7.651640
7.651639
7.651637
7.651619
7.651571
7.651357
7.650841
7.649206
7.645631
7.636641
7.618737
7.580769
7.511494
7.382926
7.166802
6.806789
6.245884
5.391574
4.149981
2.395464
3.059524
4.792622
5.948717
6.725849
7.163385
7.448939
7.563186
7.644267
7.652804
7.668510
7.659020
7.660210
7.654431
7.654063
7.652221
7.652077
7.651709
7.651687
7.651643
7.651642
7.651640
7.651640
7.651640
7.651640
7.651640
7.651640
7.651640
7.651640
7.651640
7.651640
7.651640
7.651640
7.651640
7.651640
7.651640
7.651640
7.651640
7.651640
7.651640
7.651640
7.651640
7.651640
7.651640
7.651640
7.651640
7.651640
7.651640
7.651640
7.651640
7.651640
7.651640
7.651640
7.651640
7.651640
7.651640
7.651640
7.651640
7.651640
7.651640
7.651640
7.651640
7.651640
7.651640
7.651640
7.651640
7.651640
7.651640
7.651640
7.651640
7.651640
7.651640
7.651640
7.651640
7.651640
7.651640
7.651640
7.651640
7.651640
7.651640
7.651640
7.651640
7.651640
7.651640
7.651640
7.651640
7.651640
7.651640
7.651640
7.651640
7.651640
7.651640
7.651640
7.651640
7.651640
7.651640
7.651640
7.651640
7.651640
7.651640
7.651640
7.651640
7.651640
7.651640
7.651640
7.651640
7.651640
7.651640
7.651640
7.651640
7.651640
7.651640
7.651640
7.651640
7.651640
7.651640
7.651640
7.651640
7.651640
7.651640
7.651640
7.651640
7.651640
7.651640
7.651640
7.651640
7.651640
7.651640
7.651640
7.651640
7.651640
7.651640
7.651640
7.651640
7.651640
7.651640
7.651640
7.651640
7.651640
7.651640
7.651640
7.651640
7.651640
7.651640
7.651640
7.651640
7.651640
7.651640
7.651640
7.651640
7.651640
7.651640
7.651640
7.651640
7.651640
7.651640
7.651640
7.651640
7.651640
7.651640
7.651640
7.651640
7.651640
7.651640
7.651640
7.651640
7.651640
7.651640
7.651640
7.651640
7.651640
7.651640
7.651640
7.651640
7.651640
7.651640
7.651640
7.651640
7.651640
7.651640
7.651640
7.651640
7.651640
7.651640
7.651640
7.651640
7.651640
7.651640
7.651640
7.651640
7.651640
7.651640
7.651640
7.651640
7.651640
7.651640
7.651640
7.651640
7.651640
7.651640
7.651640
7.651640
7.651640
7.651640
7.651640
7.651640
7.651640
7.651640
7.651640
7.651640
7.651640
7.651640
7.651640
7.651640
7.651640
7.651640
7.651640
7.651640
7.651640
7.651640
7.651640
7.651640
7.651640
7.651640
7.651640
7.651640
7.651640
7.651640
7.651640
7.651640
7.651640
7.651640
7.651640
7.651640
7.651640
7.651640
7.651640
7.651640
7.651640
7.651640
7.651640
7.651640
7.651640
7.651640
7.651640
7.651640
7.651640
7.651640
7.651640
7.651640
7.651640
7.651640
7.651640
7.651640
7.651640
7.651640
7.651640
7.651640
7.651640
7.651640
7.651640
7.651640
7.651640
7.651640
7.651640
7.651640
7.651640
7.651640
7.651640
7.651640
7.651640
7.651640
7.651640
7.651640
7.651640
7.651640
7.651640
7.651640
7.651640
7.651640
7.651640
7.651640
7.651640
7.651640
7.651640
7.651640
7.651640
7.651640
7.651640
7.651640
7.651640
7.651640
7.651640
7.651640
7.651640
7.651640
7.651640
7.651640
7.651640
7.651640
7.651640
7.651640
7.651640
7.651640
7.651640
7.651640
7.651640
7.651640
7.651640
7.651640
7.651640
7.651640
7.651640
7.651640
7.651640
7.651640
7.651640
7.651640
7.651640
7.651640
7.651640
7.651640
7.651640
7.651640
7.651640
7.651640
7.651640
7.651640
7.651640
7.651640
7.651640
7.651640
7.651640
7.651640
7.651640
7.651640
7.651640
7.651640
7.651640
7.651640
7.651640
7.651640
7.651640
7.651640
7.651640
7.651640
7.651640
7.651640
7.651640
7.651640
7.651640
7.651640
7.651640
7.651640
7.651640
7.651640
7.651640
7.651640
7.651640
7.651640
7.651640
7.651640
7.651640
7.651640
7.651640
7.651640
7.651640
7.651640
7.651640
7.651640
7.651640
7.651640
7.651640
7.651640
7.651640
7.651640
7.651640
7.651640
7.651640
7.651640
7.651640
7.651640
7.651640
7.651640
7.651640
7.651640
7.651640
7.651640
7.651640
7.651640
7.651640
7.651640
7.651640
7.651640
7.651640
7.651640
7.651640
7.651640
7.651640
7.651640
7.651640
7.651640
7.651640
7.651640
7.651640
7.651640
7.651640
7.651640
7.651640
7.651640
7.651640
7.651640
7.651640
7.651640
7.651640
7.651640
7.651640
7.651640
7.651640
7.651640
7.651640
7.651640
7.651640
7.651640
7.651640
7.651640
7.651640
7.651640
7.651640
7.651640
7.651640
7.651640
7.651640
7.651640
7.651640
7.651640
7.651640
7.651640
7.651640
7.651640
7.651640
7.651640
7.651640
7.651640
7.651640
7.651640
7.651640
7.651640
7.651640
7.651640
7.651640
7.651640
7.651640
7.651640
7.651640
7.651641
7.651641
7.651657
7.651657
7.651783
7.651743
7.652268
7.651680
7.652538
7.648013
7.644331
7.620704
7.587130
7.494614
7.350351
7.063050
6.620160
5.885600
4.804281
3.213072
1.000000
